GEOID,prim.care.n
510010901001,2
510010901004,4
510010902002,2
510010902003,3
510010904002,2
510010905003,1
510010906001,3
510010906002,1
510010906004,22
510030101001,1
510030101003,3
510030102012,1
510030102021,1
510030103001,11
510030103002,8
510030103003,2
510030103004,3
510030104011,1
510030104022,1
510030105002,19
510030105003,105
510030106011,11
510030106012,11
510030106013,11
510030106021,1
510030107001,20
510030107002,11
510030107003,1
510030108001,2
510030108005,5
510030109011,9
510030109021,1
510030109032,6
510030110001,1
510030110002,20
510030110003,2
510030110004,2
510030111001,7
510030111002,7
510030111003,3
510030111004,2
510030112021,33
510030112022,4
510030113011,1
510030113014,1
510030113021,1
510030113031,17
510030113032,4
510030114001,5
510030114002,2
510030114003,2
510050701003,4
510050801001,1
510050801003,33
510050802012,1
510050802023,2
510050803022,1
510079302002,6
510079302004,1
510090102001,1
510090102002,2
510090102003,16
510090102004,1
510090104021,3
510090104022,6
510090105021,3
510090105032,2
510090105041,9
510110401001,6
510110401002,2
510131001004,1
510131002004,4
510131002005,1
510131003001,1
510131003002,1
510131003003,1
510131003005,3
510131004003,1
510131005003,1
510131005004,1
510131006001,1
510131006003,1
510131007002,1
510131007003,2
510131007005,2
510131008001,1
510131009001,107
510131009002,1
510131011002,1
510131011005,1
510131012001,1
510131012002,1
510131014011,11
510131014032,2
510131014033,1
510131014034,4
510131014041,28
510131015001,2
510131015002,1
510131015003,2
510131015004,2
510131016031,1
510131016032,2
510131016033,1
510131017014,7
510131017021,1
510131017022,3
510131017031,2
510131017032,1
510131018011,3
510131018025,3
510131018031,2
510131020011,1
510131020031,2
510131020032,12
510131021001,35
510131024002,3
510131025001,1
510131025003,6
510131026001,1
510131027021,1
510131028011,1
510131029021,1
510131030002,1
510131032002,1
510131032004,8
510131034011,10
510131034021,3
510131034022,2
510131034023,4
510131034025,1
510131035013,2
510131035021,3
510131036011,2
510131037001,1
510131038001,3
510131038002,2
510131038003,1
510139801001,12
510150701004,2
510150703001,1
510150703003,8
510150706001,3
510150706002,1
510150706003,130
510150706004,2
510150706005,2
510150707002,5
510150707003,1
510150708002,1
510150708006,1
510150709004,2
510150710001,5
510150710002,1
510150711011,3
510150711012,6
510150712001,1
510150712002,1
510179201001,3
510179201004,1
510179201005,4
510190301011,2
510190301012,3
510190301013,1
510190301031,14
510190301032,22
510190301041,1
510190302013,1
510190302021,4
510190302022,1
510190303002,2
510190304022,1
510190305012,10
510190305033,1
510190305041,1
510190305042,2
510190501002,24
510190501003,1
510190501004,10
510190501005,1
510210401003,1
510210402002,11
510230402004,4
510230403011,1
510230403012,2
510230403021,1
510230403023,23
510230404023,2
510230404024,1
510230405011,6
510259301002,2
510259302011,1
510259302021,1
510259302031,2
510270101002,9
510270102001,1
510270103001,9
510270104002,8
510270106002,3
510270106003,2
510270107001,1
510299301023,14
510299302011,6
510299302021,2
510310201011,1
510310201013,1
510310201023,3
510310202004,8
510310203003,1
510310204011,11
510310204012,2
510310205003,1
510310207002,3
510310207003,8
510310209003,6
510330301003,4
510330302011,2
510330303002,6
510330305004,4
510350801001,3
510350801003,1
510350802002,1
510350802003,5
510350802004,3
510350803002,1
510350804001,19
510350805002,8
510350805003,1
510350806021,1
510366003001,2
510379301002,1
510379301003,7
510411001071,40
510411002092,26
510411002093,1
510411004031,7
510411004032,8
510411004033,2
510411004052,1
510411004091,3
510411004101,6
510411005052,1
510411005053,10
510411005071,3
510411005082,6
510411005092,4
510411006002,2
510411007032,1
510411008041,2
510411008052,1
510411008062,1
510411008123,5
510411008172,4
510411008223,31
510411008232,17
510411009022,15
510411009023,3
510411009071,1
510411009072,16
510411009104,1
510411009121,2
510411009151,13
510411009152,2
510411009193,14
510411009201,52
510411009231,14
510411009241,23
510411009262,5
510411009263,4
510411009271,27
510411009273,2
510411009281,50
510411009282,4
510411009291,6
510411009292,1
510411009302,10
510411009311,1
510411009312,4
510411009351,6
510411010072,1
510411010073,42
510411010081,1
510411010091,2
510411010111,13
510411010121,11
510430101005,6
510430103001,1
510450501002,4
510479302011,1
510479302012,18
510479302022,1
510479303001,13
510479303003,4
510479304002,8
510479305011,1
510479305012,3
510479305021,3
510479305022,32
510499301005,1
510499302001,2
510510401003,7
510510402002,6
510510402003,2
510510403002,2
510510403003,1
510538402003,2
510538403001,1
510538404001,6
510538406003,6
510579507001,30
510579507002,7
510594151002,18
510594152001,1
510594152002,1
510594152004,1
510594153002,2
510594154011,1
510594154012,1
510594154023,9
510594155002,1
510594155003,74
510594155004,6
510594156002,1
510594158001,1
510594158002,4
510594159002,1
510594160001,1
510594160002,1
510594161002,2
510594162001,1
510594162002,127
510594163002,2
510594201002,1
510594202011,3
510594202031,1
510594203001,1
510594203004,4
510594205022,1
510594205033,12
510594207001,1
510594207002,1
510594208003,1
510594210011,41
510594210021,145
510594210023,2
510594211012,1
510594211034,1
510594213001,1
510594214004,1
510594216003,13
510594217012,1
510594218001,2
510594218003,1
510594219002,1
510594220001,2
510594221012,15
510594221013,7
510594221022,3
510594221024,4
510594222012,2
510594222022,8
510594223011,4
510594223021,2
510594224012,1
510594224021,2
510594224022,3
510594301012,1
510594302011,1
510594304003,6
510594306003,2
510594306004,14
510594308011,5
510594308012,4
510594309011,9
510594309021,19
510594310011,1
510594313001,7
510594316001,13
510594316003,1
510594318011,2
510594318012,1
510594318021,3
510594319001,2
510594320002,6
510594322011,33
510594322022,2
510594323001,1
510594324021,1
510594324023,1
510594325002,1
510594325003,4
510594328001,2
510594401003,1
510594402011,205
510594402022,71
510594402023,278
510594403001,47
510594403002,2
510594405021,12
510594405023,2
510594406001,2
510594407011,1
510594407021,1
510594407022,2
510594408001,1
510594501002,17
510594502001,1
510594502002,3
510594503003,3
510594503004,7
510594504001,30
510594504002,1
510594505002,1
510594506011,10
510594507011,3
510594507021,2
510594507022,5
510594508003,5
510594510002,1
510594511002,3
510594512001,1
510594513001,13
510594513002,5
510594514001,5
510594514002,11
510594515012,2
510594515013,2
510594515021,6
510594515022,5
510594516011,1
510594516013,2
510594516014,1
510594516021,2
510594518001,1
510594518002,2
510594519001,4
510594520001,17
510594521011,1
510594521012,8
510594521013,5
510594521021,1
510594522001,22
510594523021,1
510594524004,1
510594524005,22
510594525011,3
510594525012,2
510594525013,1
510594525021,2
510594526001,8
510594526002,1
510594527002,2
510594528011,1
510594528012,5
510594528013,1
510594528022,3
510594601001,4
510594601002,1
510594602001,3
510594603002,1
510594604003,5
510594605011,47
510594605023,9
510594606001,1
510594606002,1
510594607021,19
510594608001,3
510594608002,27
510594609001,3
510594610001,9
510594611001,1
510594611002,6
510594611003,1
510594612011,3
510594612012,4
510594612013,1
510594612021,19
510594615002,2
510594615004,1
510594615005,3
510594616012,1
510594616014,8
510594616021,20
510594616022,4
510594617001,17
510594617002,3
510594617003,3
510594618023,25
510594619012,1
510594701001,2
510594701002,6
510594703001,2
510594703002,2
510594704001,1
510594704002,1
510594704004,1
510594705001,1
510594705002,2
510594705004,41
510594706001,3
510594706002,6
510594707001,11
510594707002,1
510594708002,1
510594709003,1
510594711001,1
510594711004,1
510594711005,1
510594712012,1
510594712021,3
510594712022,1
510594713031,1
510594713041,3
510594801001,2
510594801002,2
510594802011,3
510594802012,2
510594802013,2
510594802021,438
510594802022,25
510594802031,6
510594803001,4
510594803002,1
510594803003,10
510594804011,1
510594804012,7
510594804022,2
510594804023,1
510594805012,1
510594805021,1
510594805032,1
510594805041,1
510594808021,9
510594808022,8
510594809011,2
510594809012,3
510594809013,2
510594809021,16
510594809032,1
510594809033,2
510594811011,2
510594811021,1
510594811061,3
510594812011,1
510594812021,9
510594812023,17
510594815001,1
510594816002,1
510594817012,2
510594819002,25
510594819003,1
510594821002,3
510594822011,1
510594822021,1
510594822022,26
510594822031,119
510594822032,2
510594822034,4
510594823011,11
510594823012,2
510594824001,8
510594825011,32
510594825013,4
510594825031,2
510594825033,2
510594825041,1
510594825043,2
510594826013,1
510594826022,2
510594826023,193
510594901011,4
510594901012,1
510594901013,1
510594901031,11
510594901032,2
510594901033,12
510594905021,2
510594905022,1
510594905023,1
510594910001,2
510594911012,1
510594911033,2
510594911034,1
510594912012,9
510594912021,4
510594913011,1
510594913014,2
510594913031,1
510594914011,45
510594914013,4
510594915023,2
510594916012,1
510594916022,1
510594917012,3
510594917021,21
510594917022,21
510594917023,1
510594917024,2
510594917031,1
510594917032,2
510594917042,1
510594917051,1
510594918011,1
510594918031,9
510594918033,2
510594920001,1
510594920003,1
510594921002,3
510594921003,1
510594921004,2
510594922011,1
510594922022,4
510594922032,4
510594924002,1
510599801001,2
510619301004,6
510619303021,38
510619303022,4
510619303023,13
510619303032,9
510619304032,21
510619307051,6
510639201013,7
510639201022,11
510639202001,1
510650201011,5
510650201012,1
510650201021,1
510650201022,9
510650202001,1
510650202004,3
510670201013,2
510670202003,2
510670203002,9
510670204001,4
510670204002,2
510670205002,1
510670206001,3
510670206002,1
510670208001,3
510670208002,1
510670208003,25
510670208004,3
510690502001,1
510690505002,1
510690506003,1
510690508011,4
510690508022,1
510690508024,8
510690509001,6
510690509002,4
510690511011,1
510690511021,9
510690511023,5
510719302002,2
510719303002,22
510719303003,1
510719303006,3
510719304001,3
510731001002,1
510731002012,1
510731002021,8
510731002022,2
510731002031,41
510731002033,11
510731003011,13
510731003022,4
510754001001,2
510754001002,28
510754001003,3
510754001004,3
510754002003,1
510754003001,2
510754004002,5
510754004003,1
510770601013,1
510770601014,1
510770602012,2
510770602021,2
510770602022,1
510790301012,4
510790302001,1
510790302004,7
510818801011,2
510839302011,3
510839304002,1
510839306002,24
510839306003,6
510839306004,1
510839308001,15
510839308002,2
510839308003,4
510853201002,1
510853202001,6
510853203002,3
510853205002,6
510853206013,8
510853206021,2
510853206022,1
510853207012,1
510853207021,2
510853208032,4
510853208041,2
510853208042,14
510853209001,143
510853209002,1
510853209003,2
510853209004,3
510853210011,18
510853210023,10
510853211001,16
510853211002,11
510853212011,1
510853212021,15
510853213001,1
510853214011,1
510872001041,33
510872001042,1
510872001043,121
510872001051,11
510872001052,1
510872001063,24
510872001071,1
510872001073,2
510872001081,6
510872001082,2
510872001091,1
510872001092,4
510872001121,2
510872001122,1
510872001124,1
510872001161,1
510872001191,47
510872001192,38
510872001193,1
510872001194,6
510872001201,1
510872001202,3
510872001203,35
510872001211,1
510872001212,15
510872001221,18
510872001222,1
510872001223,2
510872001241,1
510872001242,1
510872001251,2
510872001272,6
510872001273,2
510872001281,1
510872001282,2
510872001291,30
510872001292,7
510872001301,3
510872001302,2
510872001303,1
510872002011,1
510872002012,1
510872002022,1
510872002024,2
510872003011,20
510872003021,125
510872003022,2
510872003023,5
510872003031,92
510872003032,46
510872003051,4
510872003052,2
510872004065,1
510872004091,4
510872004103,6
510872004121,43
510872004131,10
510872004143,1
510872005011,1
510872005012,7
510872005022,40
510872005031,20
510872006004,2
510872007001,7
510872007002,4
510872008011,4
510872008012,5
510872008021,3
510872008042,4
510872009033,11
510872009041,2
510872009042,5
510872009043,1
510872010011,16
510872010023,2
510872010032,1
510872011014,1
510872012022,2
510872014011,17
510872015011,1
510872015022,10
510872017012,1
510890102001,1
510890102003,1
510890102004,1
510890103001,2
510890106011,4
510890106012,5
510890106021,3
510890111002,8
510890113001,1
510919701002,7
510932801012,1
510932801031,3
510932801032,4
510932801041,1
510932801052,1
510932801061,5
510932801062,10
510932803003,1
510950801011,1
510950801012,24
510950801021,2
510950802021,4
510950802022,35
510950802031,3
510950802052,45
510950802062,4
510950803011,1
510950803013,13
510950803031,1
510950803032,1
510950803041,2
510950804012,1
510950804021,15
510979504001,2
510990401001,2
510990401002,4
510990402002,1
510990403001,2
510990404002,5
510990405001,1
511019501012,13
511019501021,1
511019501024,2
511019503001,2
511019503002,8
511030301003,6
511030302002,1
511030302003,21
511030302004,9
511030303003,4
511059501004,1
511076101012,1
511076101022,2
511076102012,1
511076102021,3
511076103002,2
511076103003,1
511076103004,1
511076104001,38
511076104002,3
511076105032,3
511076105044,1
511076105051,14
511076105053,6
511076105062,11
511076106011,5
511076107012,3
511076107021,29
511076107022,1
511076107033,1
511076108003,1
511076109001,3
511076109002,5
511076110021,100
511076110022,1
511076110041,1
511076110043,14
511076110061,24
511076110092,1
511076110093,6
511076110101,1
511076110111,4
511076110112,6
511076110121,1
511076110122,8
511076110132,1
511076110142,5
511076110151,2
511076110163,2
511076110171,1
511076110172,1
511076110182,3
511076110192,3
511076110201,1
511076110203,9
511076110211,6
511076110212,2
511076110221,1
511076110222,4
511076110231,1
511076110233,1
511076110242,4
511076110252,1
511076110253,12
511076111023,5
511076112023,1
511076112052,2
511076112061,1
511076112071,7
511076112072,3
511076112092,2
511076113001,5
511076113002,1
511076115012,22
511076115021,1
511076117001,4
511076117003,2
511076118012,48
511076118021,16
511076118023,1
511076118024,1
511076118033,1
511076118041,2
511076118043,1
511076118061,2
511076118062,1
511076119001,2
511079801001,3
511099502013,10
511099503003,9
511099505003,1
511119301001,4
511119301002,1
511119302001,10
511139302004,10
511159513003,2
511159514001,6
511179301021,2
511179302001,1
511179302002,2
511179302003,18
511179302004,8
511179304002,4
511179306001,6
511179306002,2
511179308001,3
511199510001,3
511199510002,2
511199510003,1
511199510004,1
511199511002,4
511199512002,3
511210201001,18
511210202012,1
511210202015,13
511210202021,58
511210203002,1
511210203005,1
511210203006,6
511210204002,1
511210204005,1
511210205001,1
511210205003,5
511210205004,1
511210206003,20
511210207001,2
511210207002,16
511210207004,4
511210208003,8
511210208004,5
511210209001,13
511210210001,1
511210210003,12
511210211001,1
511210211002,19
511210211003,1
511210211004,3
511210214003,4
511210215002,43
511210215003,1
511210215004,1
511259502003,6
511259502004,3
511259503001,1
511259503004,7
511277001002,18
511277003001,1
511277003003,11
511319301002,15
511319301003,1
511319301004,2
511319302003,5
511319303002,8
511319303003,3
511330201002,1
511330201003,1
511330202001,4
511330203003,1
511330203004,2
511330203005,1
511350001003,2
511350003002,1
511350003004,5
511350003005,7
511350003007,8
511371101025,2
511371101031,3
511371101032,7
511371102001,6
511371102002,10
511371103001,8
511371103002,1
511371103003,1
511390302002,2
511390302003,33
511390304003,6
511390305002,4
511390305005,1
511410301005,1
511410302005,1
511410303011,5
511410303022,9
511430102003,5
511430103003,3
511430104003,2
511430105001,3
511430105002,4
511430106001,4
511430106002,6
511430110012,1
511430110021,1
511430111001,1
511430113002,1
511455001011,9
511455001021,4
511455002002,10
511455002003,2
511455003001,4
511479301001,5
511479301002,4
511479302011,30
511479302012,15
511479302022,2
511498501002,27
511498502001,1
511498502002,19
511498503012,6
511539002011,1
511539003001,1
511539003002,1
511539003003,17
511539003004,5
511539004031,36
511539004034,4
511539004041,6
511539004074,1
511539005012,13
511539005013,70
511539005021,33
511539006004,1
511539007011,6
511539008011,3
511539009012,1
511539009042,1
511539010011,4
511539010014,28
511539010111,1
511539010112,1
511539010121,3
511539011003,31
511539012082,4
511539012095,19
511539012111,9
511539012113,3
511539012123,1
511539012191,14
511539012211,11
511539012232,1
511539012263,1
511539012291,1
511539012301,1
511539012313,15
511539012321,1
511539012331,1
511539012333,1
511539012362,16
511539014031,1
511539014032,46
511539014071,19
511539014091,6
511539014101,8
511539014111,2
511539014112,8
511539014113,1
511539014143,1
511539014161,13
511539014171,1
511539014172,1
511539015044,19
511539015071,30
511539015072,1
511539015081,26
511539015082,12
511539015101,1
511539015102,13
511539015112,3
511539016024,1
511539016025,2
511539017011,6
511539017013,2
511539017015,6
511539019003,1
511552101002,1
511552101005,1
511552102011,12
511552102013,5
511552102022,1
511552102023,5
511552103004,4
511552104005,1
511552106001,3
511552107001,6
511579501001,1
511579501002,6
511590401002,4
511610301003,2
511610302031,1
511610302041,18
511610302042,3
511610302051,2
511610302052,1
511610303002,5
511610305001,5
511610306001,2
511610306002,2
511610306003,1
511610307011,6
511610307013,5
511610307014,2
511610307021,2
511610307023,15
511610307024,5
511610308011,1
511610308012,3
511610308013,38
511610308022,1
511610309001,20
511610309002,1
511610309003,8
511610309004,1
511610311011,1
511610311022,10
511610312021,2
511610312023,4
511639301003,19
511639301005,5
511639304002,5
511650102002,4
511650103001,1
511650103002,3
511650108002,5
511650108003,4
511650111003,1
511650114002,9
511650115001,10
511650115003,1
511650116001,2
511650117001,74
511650118001,1
511650118003,3
511650120003,3
511670301004,6
511670302001,1
511670302006,13
511670303001,4
511670303004,1
511670304012,2
511670304015,13
511670304021,3
511670305001,1
511690301001,4
511690302001,6
511690303003,7
511690304002,2
511690306004,8
511710401001,5
511710402011,1
511710403001,2
511710405002,2
511710405003,21
511710407001,4
511710407002,1
511710408001,5
511710408002,2
511730302003,3
511730302004,4
511730303011,1
511730303024,33
511730305001,11
511730307011,3
511752001001,3
511752003001,1
511752004001,2
511752005002,2
511770201062,7
511770201063,6
511770201081,5
511770201083,12
511770201091,3
511770201092,15
511770202022,14
511770202041,23
511770202052,50
511770203042,6
511770203051,10
511770203061,1
511770203062,14
511770203063,1
511770203091,1
511770203101,1
511770203102,8
511770204051,1
511770204072,4
511790101051,1
511790101053,3
511790101061,2
511790102051,1
511790102052,2
511790102061,24
511790102062,8
511790102063,1
511790102071,3
511790102072,19
511790102113,2
511790102121,5
511790102122,1
511790103032,3
511790103041,1
511790103042,7
511790104043,1
511790104051,1
511790104061,14
511790104062,2
511790105022,3
511818601001,2
511818601002,3
511838701001,2
511838702021,3
511838703001,4
511838704002,4
511850202002,4
511850202003,2
511850203002,1
511850204002,15
511850204004,2
511850205001,1
511850206001,1
511850207002,6
511850209001,2
511850210001,18
511850210003,1
511850210004,3
511850211001,8
511850211003,1
511850211004,40
511870201003,1
511870202003,5
511870203004,1
511870204001,51
511870204002,8
511870205003,8
511910101002,1
511910103002,1
511910104011,1
511910104022,3
511910105011,1
511910105012,11
511910105013,23
511910105023,2
511910106013,70
511910106021,2
511910106022,4
511910107003,2
511910108002,4
511910109003,3
511930102003,5
511930104002,3
511930104004,2
511959308001,1
511959309001,4
511959309002,1
511959311002,2
511959312001,13
511959313002,3
511959314001,4
511959314002,3
511959315002,4
511959315003,1
511959317001,1
511970501002,1
511970501003,1
511970502002,6
511970502003,40
511970502005,9
511970503011,4
511970503012,1
511970503014,6
511970504012,1
511970504021,3
511990502031,1
511990502041,3
511990502051,1
511990502052,2
511990502053,2
511990502062,1
511990502063,1
511990503031,15
511990503042,1
511990503051,2
511990503061,5
511990503062,8
511990504011,11
511990504012,2
511990504021,1
511990505002,3
511990505003,6
511990509002,1
511990510003,55
511990511001,4
515102001022,8
515102001023,19
515102001034,3
515102001041,4
515102001051,1
515102001052,2
515102001061,17
515102001062,2
515102001063,1
515102001071,5
515102002012,39
515102002013,56
515102002021,47
515102003012,1
515102003031,2
515102003034,8
515102004053,1
515102004055,7
515102004061,3
515102004063,3
515102004071,7
515102006001,3
515102006002,1
515102006005,1
515102007011,1
515102007021,4
515102007031,2
515102008011,2
515102008012,1
515102008021,9
515102008022,11
515102009001,1
515102009004,1
515102010001,17
515102010002,1
515102011002,1
515102012041,2
515102013002,3
515102014001,1
515102015003,1
515102016001,3
515102018011,1
515102018012,4
515102018013,2
515102018014,1
515102018021,1
515102019001,2
515102019002,2
515102020011,10
515102020012,1
515102020021,3
515200201002,1
515200201003,12
515200202001,3
515200202004,1
515200204001,4
515200204002,5
515309306001,5
515400002011,7
515400002012,8
515400002013,4
515400002021,22
515400002022,7
515400002023,1
515400003021,40
515400004011,11
515400005011,2
515400005013,2
515400005021,3
515400006001,528
515400006002,1
515400007002,1
515400007004,2
515400008002,1
515400008004,11
515400010001,4
515400010003,5
515500200011,4
515500201002,1
515500202002,1
515500203001,6
515500203002,2
515500206002,1
515500207002,2
515500208043,5
515500208051,26
515500208061,5
515500208062,2
515500208063,3
515500208072,1
515500208073,1
515500208074,1
515500208091,9
515500209043,1
515500209044,8
515500209051,1
515500209061,10
515500209062,79
515500210041,1
515500210042,6
515500210052,1
515500210061,12
515500210063,3
515500210101,1
515500210102,1
515500210121,5
515500211012,3
515500211023,2
515500212003,1
515500213013,1
515500214011,1
515500214021,1
515500214033,1
515500214042,1
515500214044,1
515500215021,17
515500215022,5
515500215024,2
515500216012,3
515500216015,2
515500216021,42
515500216022,1
515500216023,1
515708301001,1
515708301003,35
515708302001,13
515708302002,14
515708303001,5
515708305001,2
515800601003,3
515800602001,6
515800602002,1
515900001001,1
515900002001,5
515900002002,16
515900005001,2
515900005002,6
515900006002,13
515900006003,14
515900007001,1
515900007002,17
515900007003,59
515900008001,33
515900008002,50
515900008003,5
515900010001,4
515958901001,1
515958901002,1
515958902004,19
516003001001,1
516003001002,14
516003001003,5
516003002003,14
516003002004,8
516003003001,5
516003003002,11
516003004001,12
516003005001,4
516003005003,4
516105001001,68
516105001002,3
516105002002,1
516105002003,50
516105003001,8
516200901001,11
516200901003,29
516300001003,2
516300002002,205
516300002004,23
516300003011,4
516300003021,3
516300003022,1
516300003023,13
516300004001,16
516300005001,22
516300005002,20
516400701012,7
516400701016,2
516400701021,3
516400701022,63
516500101032,1
516500102001,26
516500103041,27
516500103061,1
516500103071,1
516500103072,1
516500103101,1
516500103102,1
516500103111,46
516500103112,1
516500103131,29
516500103132,13
516500103133,10
516500103134,2
516500103141,62
516500103142,12
516500104001,1
516500104004,2
516500104005,6
516500105012,3
516500106012,12
516500106022,2
516500107011,1
516500107031,1
516500107032,6
516500109001,2
516500110001,1
516500111001,2
516500113002,1
516500114001,2
516500114002,58
516500118005,3
516500121002,2
516600001022,14
516600002031,1
516600002041,1
516600002042,8
516600002044,2
516600002051,62
516600002061,10
516600002073,5
516600003011,16
516600003022,18
516600003023,2
516600003024,8
516600004011,2
516708201001,1
516708203001,13
516708203002,17
516708206003,3
516708207001,4
516789305001,4
516789305002,1
516789305003,28
516789305004,3
516789305005,1
516800002011,5
516800002012,1
516800002013,1
516800002021,4
516800002023,29
516800002024,8
516800002031,3
516800003001,1
516800003002,185
516800005001,4
516800006001,3
516800006003,5
516800006004,11
516800007001,26
516800007002,1
516800008011,44
516800008021,13
516800009001,37
516800009004,10
516800010001,10
516800011001,2
516800011002,2
516800014001,6
516800014003,2
516800017002,7
516839101002,92
516839101003,3
516839102013,19
516839102014,4
516839102021,8
516839102024,5
516839103011,1
516859202002,1
516900001001,37
516900001002,5
516900002001,6
516900003001,16
516900003002,7
516900005001,1
517000303007,6
517000304002,4
517000305002,1
517000308001,6
517000311001,1
517000311002,15
517000312002,12
517000314001,1
517000314002,70
517000314004,2
517000315001,91
517000315002,1
517000315003,3
517000316013,1
517000316023,1
517000316024,18
517000317011,1
517000317021,1
517000317023,15
517000318001,1
517000319011,9
517000319012,1
517000319022,14
517000319023,1
517000320022,1
517000320063,10
517000321132,50
517000321271,14
517000321272,46
517000321281,84
517000321301,4
517000321323,17
517000321324,1
517000322242,2
517000322244,4
517000322252,2
517000323003,37
517100003001,1
517100004003,1
517100007002,1
517100009011,113
517100009021,24
517100012001,1
517100012002,2
517100014003,1
517100015001,3
517100015002,1
517100016002,1
517100017001,87
517100021001,4
517100022001,19
517100023001,1
517100024001,2
517100024002,1
517100024003,2
517100025001,7
517100026001,2
517100026002,6
517100028001,1
517100028002,1
517100029004,5
517100030002,1
517100035012,5
517100036001,2
517100037001,1
517100037002,9
517100038001,1
517100038002,3
517100040011,4
517100040021,1
517100040022,372
517100040023,16
517100040024,1
517100042001,22
517100045001,4
517100049001,37
517100049002,2
517100056021,21
517100057011,10
517100057013,1
517100059012,1
517100059022,1
517100061004,1
517100062001,19
517100065011,1
517100065022,4
517100066052,7
517100066061,1
517100066063,6
517100069011,122
517100069012,50
517100069013,2
517100070011,3
517100070022,2
517209601001,38
517209601002,46
517209601003,4
517209601004,2
517308106001,5
517308107001,6
517308109003,1
517308111001,6
517308112001,4
517308112002,47
517308113001,17
517308113003,9
517353402005,3
517353403003,2
517402103002,42
517402104001,2
517402105001,18
517402109001,17
517402109002,3
517402111002,2
517402115001,8
517402116002,2
517402116003,9
517402121001,4
517402127011,2
517402128021,5
517402130011,1
517402130013,1
517402130022,3
517402130023,3
517402131011,7
517402131013,5
517402131041,1
517402132001,145
517402132002,7
517500101011,8
517500101021,4
517500101022,6
517500102002,11
517500102004,1
517500102005,2
517600102003,12
517600104011,1
517600104012,1
517600104021,3
517600104022,1
517600105002,1
517600106001,1
517600107002,1
517600107003,12
517600111002,5
517600111004,3
517600203001,22
517600204005,1
517600205001,9
517600205002,21
517600206001,10
517600207001,3
517600208001,1
517600210002,3
517600302001,5
517600302002,842
517600305001,41
517600305002,8
517600402001,12
517600402002,13
517600403001,1
517600404001,4
517600404002,1
517600405001,4
517600405002,3
517600406001,1
517600407001,11
517600408001,17
517600410001,9
517600410002,16
517600411001,3
517600413002,1
517600414001,3
517600501001,11
517600501002,3
517600503001,14
517600504001,7
517600505002,2
517600505003,3
517600506001,2
517600506002,2
517600602001,5
517600605002,1
517600605004,2
517600605005,1
517600606002,1
517600610001,10
517600610002,3
517600701001,8
517600701002,48
517600701003,4
517600703001,1
517600703002,2
517600704001,1
517600704002,2
517600704003,1
517600706011,1
517600706021,9
517600707002,11
517600709002,98
517600710012,29
517600710014,100
517600710022,2
517600711001,2
517600711004,2
517700001003,34
517700003001,1
517700003003,18
517700005001,1
517700005003,1
517700006021,1
517700006022,1
517700009004,6
517700010001,3
517700011001,88
517700012001,156
517700012002,2
517700012003,5
517700018002,1
517700019004,2
517700021002,9
517700021003,4
517700023001,1
517700023003,1
517700025003,2
517700026001,1
517700028001,139
517700028003,23
517700029001,7
517700029002,13
517700029003,84
517700029004,2
517700030001,6
517700030002,12
517700030003,14
517700031002,1
517700031004,1
517750101002,4
517750102001,1
517750102004,21
517750103001,85
517750103002,1
517750103003,2
517750103004,11
517750105011,128
517750105012,4
517900001001,3
517900002004,3
517900003005,1
517900004001,6
517900004005,19
517900005001,4
517900005003,2
517900006002,12
518000651001,3
518000653001,3
518000653003,1
518000654001,1
518000751012,12
518000751022,44
518000751023,28
518000751024,3
518000752012,15
518000752041,3
518000753013,1
518000754011,24
518000754021,57
518000754022,25
518000754023,6
518000758031,1
518100400002,10
518100402001,2
518100402003,1
518100404022,1
518100404033,1
518100404041,4
518100404042,4
518100404044,1
518100406001,7
518100406003,24
518100408011,6
518100410021,2
518100410022,1
518100410033,10
518100410042,3
518100412001,2
518100412002,1
518100412004,14
518100414002,2
518100416002,13
518100416003,29
518100416004,1
518100418012,8
518100418024,1
518100420001,1
518100420002,1
518100420003,4
518100422021,1
518100424002,7
518100426001,8
518100426002,6
518100430021,3
518100430022,2
518100430031,1
518100430032,5
518100430033,1
518100430042,1
518100434002,1
518100436001,2
518100438002,1
518100438003,3
518100438004,2
518100440032,2
518100440042,1
518100444011,1
518100444012,1
518100444013,1
518100444021,18
518100444022,22
518100444023,6
518100446001,3
518100446002,163
518100446003,4
518100446004,6
518100448071,1
518100448072,1
518100448081,1
518100448082,1
518100450001,5
518100452002,1
518100452003,1
518100454061,1
518100454064,1
518100454071,1
518100454074,2
518100454084,12
518100454121,1
518100454144,5
518100454174,7
518100454201,5
518100454212,1
518100454232,2
518100454251,1
518100454281,3
518100456011,1
518100456012,3
518100456032,4
518100456043,2
518100458013,8
518100458032,2
518100458071,1
518100458093,7
518100460021,9
518100460022,1
518100460052,10
518100460054,6
518100460062,1
518100460064,2
518100460091,17
518100460111,8
518100460121,7
518100460131,2
518100460132,5
518100460151,52
518100462041,4
518100462042,5
518100462062,6
518100462063,1
518100462071,7
518100462132,1
518100462221,1
518100462231,1
518100462251,5
518100462252,1
518200031001,10
518200032001,1
518200032002,1
518200034001,2
518200034004,1
518200035004,10
518303701001,1
518303701002,2
518303701003,15
518303702001,1
518303702002,1
518303703002,22
518303703003,5
518400001001,3
518400001004,13
518400002011,117
518400002012,29
518400002014,2
518400002021,6
518400002022,4
518400002024,28
518400002025,6
518400003011,1
518400003014,6
518400003021,1
518400003022,12
518400003023,3
518400003024,9
NA,24500
